[gd_scene load_steps=16 format=3 uid="uid://b1psw8o33gfvl"]

[ext_resource type="Script" path="res://characters/ghost3denemy/ghost_body.gd" id="1_ji80q"]
[ext_resource type="Script" path="res://characters/ghost3denemy/ghost_headshot.gd" id="2_r1kfm"]

[sub_resource type="StandardMaterial3D" id="StandardMaterial3D_6ykdq"]
resource_name = "Material.001"
cull_mode = 2
vertex_color_use_as_albedo = true
albedo_color = Color(0.998213, 1, 0.883036, 1)
roughness = 0.161417
emission_enabled = true
emission = Color(1, 1, 1, 1)

[sub_resource type="ArrayMesh" id="ArrayMesh_etgla"]
resource_name = "ghost 1_Circle"
_surfaces = [{
"aabb": AABB(0.178801, 2.05088, 0.0206896, 0.015844, 0.0937924, 0.107137),
"attribute_data": PackedByteArray(0, 0, 0, 63, 0, 0, 0, 63, 0, 0, 0, 63, 0, 0, 0, 0, 164, 48, 137, 61, 0, 0, 128, 62, 164, 48, 137, 61, 0, 0, 64, 63, 0, 0, 0, 63, 0, 0, 128, 63, 236, 217, 110, 63, 0, 0, 64, 63, 236, 217, 110, 63, 0, 0, 128, 62),
"bone_aabbs": [AABB(0, 0, 0, -1, -1, -1), AABB(0, 0, 0, -1, -1, -1), AABB(0, 0, 0, -1, -1, -1), AABB(0, 0, 0, -1, -1, -1), AABB(0, 0, 0, -1, -1, -1), AABB(0, 0, 0, -1, -1, -1), AABB(0, 0, 0, -1, -1, -1), AABB(0, 0, 0, -1, -1, -1), AABB(0, 0, 0, -1, -1, -1), AABB(0, 0, 0, -1, -1, -1), AABB(0, 0, 0, -1, -1, -1), AABB(0, 0, 0, -1, -1, -1), AABB(0, 0, 0, -1, -1, -1), AABB(0, 0, 0, -1, -1, -1), AABB(0, 0, 0, -1, -1, -1), AABB(0, 0, 0, -1, -1, -1), AABB(0, 0, 0, -1, -1, -1), AABB(0, 0, 0, -1, -1, -1), AABB(0.178801, 2.05088, 0.0206896, 0.015844, 0.0937924, 0.107137)],
"format": 34359745559,
"index_count": 18,
"index_data": PackedByteArray(0, 0, 2, 0, 1, 0, 0, 0, 3, 0, 2, 0, 0, 0, 4, 0, 3, 0, 0, 0, 5, 0, 4, 0, 0, 0, 6, 0, 5, 0, 0, 0, 1, 0, 6, 0),
"lods": [5.5633e-06, PackedByteArray(1, 0, 3, 0, 2, 0, 1, 0, 4, 0, 3, 0, 1, 0, 5, 0, 4, 0, 1, 0, 6, 0, 5, 0)],
"material": SubResource("StandardMaterial3D_6ykdq"),
"name": "Material.001",
"primitive": 3,
"skin_data": PackedByteArray(18, 0, 0, 0, 0, 0, 0, 0, 255, 255, 0, 0, 0, 0, 0, 0, 18, 0, 0, 0, 0, 0, 0, 0, 255, 255, 0, 0, 0, 0, 0, 0, 18, 0, 0, 0, 0, 0, 0, 0, 255, 255, 0, 0, 0, 0, 0, 0, 18, 0, 0, 0, 0, 0, 0, 0, 255, 255, 0, 0, 0, 0, 0, 0, 18, 0, 0, 0, 0, 0, 0, 0, 255, 255, 0, 0, 0, 0, 0, 0, 18, 0, 0, 0, 0, 0, 0, 0, 255, 255, 0, 0, 0, 0, 0, 0, 18, 0, 0, 0, 0, 0, 0, 0, 255, 255, 0, 0, 0, 0, 0, 0),
"uv_scale": Vector4(0, 0, 0, 0),
"vertex_count": 7,
"vertex_data": PackedByteArray(77, 52, 63, 62, 230, 65, 6, 64, 181, 20, 152, 61, 1, 81, 71, 62, 230, 65, 6, 64, 78, 125, 169, 60, 167, 66, 67, 62, 56, 198, 8, 64, 8, 116, 66, 61, 243, 37, 59, 62, 63, 66, 9, 64, 102, 239, 206, 61, 153, 23, 55, 62, 230, 65, 6, 64, 11, 229, 2, 62, 243, 37, 59, 62, 141, 65, 3, 64, 102, 239, 206, 61, 167, 66, 67, 62, 141, 65, 3, 64, 8, 116, 66, 61, 129, 239, 255, 127, 255, 127, 0, 128, 129, 239, 255, 127, 255, 127, 0, 128, 129, 239, 255, 127, 255, 127, 0, 128, 129, 239, 255, 127, 255, 127, 0, 128, 129, 239, 255, 127, 255, 127, 0, 128, 129, 239, 255, 127, 255, 127, 0, 128, 129, 239, 255, 127, 255, 127, 0, 128)
}]
blend_shape_mode = 0

[sub_resource type="Skin" id="Skin_usmgp"]
resource_name = "Skin"
bind_count = 32
bind/0/name = &"Bottom"
bind/0/bone = -1
bind/0/pose = Transform3D(1, 0, 0, 0, 1, 0, 0, 0, 1, 0, 0, 0)
bind/1/name = &"Mid"
bind/1/bone = -1
bind/1/pose = Transform3D(1, 0, 0, 0, 1, 0, 0, 0, 1, 0, -0.267149, 0)
bind/2/name = &"Hip"
bind/2/bone = -1
bind/2/pose = Transform3D(1, 0, -3.57628e-07, 0, 1, 0, 3.57628e-07, 0, 1, 0, -0.675291, 0)
bind/3/name = &"Torso"
bind/3/bone = -1
bind/3/pose = Transform3D(1, 0, -3.57628e-07, 0, 1, 0, 3.57628e-07, 0, 1, 0, -1.11275, 0)
bind/4/name = &"Chest"
bind/4/bone = -1
bind/4/pose = Transform3D(1, 0, -3.57628e-07, 0, 1, 0, 3.57628e-07, 0, 1, 0, -1.33824, 0)
bind/5/name = &"Shoulder.R"
bind/5/bone = -1
bind/5/pose = Transform3D(1, 1.06916e-06, 3.16788e-07, 2.84217e-14, -0.284088, 0.958798, 1.1151e-06, -0.958798, -0.284088, -1.83582e-06, 0.487799, 1.64632)
bind/6/name = &"Arm1.R"
bind/6/bone = -1
bind/6/pose = Transform3D(1, 8.38055e-07, 8.06067e-07, 1.13687e-13, -0.693219, 0.720727, 1.16279e-06, -0.720728, -0.693219, -1.57483e-06, 0.964761, 1.35435)
bind/7/name = &"Arm2.R"
bind/7/bone = -1
bind/7/pose = Transform3D(1, 8.11396e-07, 7.00028e-07, 1.13687e-13, -0.653233, 0.757157, 1.07164e-06, -0.757157, -0.653233, -1.4814e-06, 0.48086, 1.38238)
bind/8/name = &"Handjoint.R"
bind/8/bone = -1
bind/8/pose = Transform3D(1, 8.47401e-07, 6.52915e-07, 1.7053e-13, -0.610338, 0.792141, 1.06976e-06, -0.792141, -0.610338, -1.47804e-06, -0.0513242, 1.38165)
bind/9/name = &"LilFinger1.R"
bind/9/bone = -1
bind/9/pose = Transform3D(0.680802, -0.490484, 0.543998, -0.711388, -0.265872, 0.650569, -0.174459, -0.829902, -0.52993, -0.0862144, -0.410063, 1.33566)
bind/10/name = &"LilFinger2.R"
bind/10/bone = -1
bind/10/pose = Transform3D(0.999463, -0.02454, -0.0217239, 8.00937e-08, -0.662839, 0.748762, -0.0327741, -0.74836, -0.662483, 0.101247, -0.1817, 1.40915)
bind/11/name = &"LilFinger3.R"
bind/11/bone = -1
bind/11/pose = Transform3D(0.999463, -0.0241594, -0.0221462, 1.04308e-07, -0.675725, 0.737154, -0.0327739, -0.736758, -0.675362, 0.101404, -0.263484, 1.41393)
bind/12/name = &"MidFinger1.R"
bind/12/bone = -1
bind/12/pose = Transform3D(0.66558, 0.44415, -0.599778, 0.731193, -0.22705, 0.643276, 0.149531, -0.866706, -0.475879, 0.187542, -0.439772, 1.31568)
bind/13/name = &"MidFinger2.R"
bind/13/bone = -1
bind/13/pose = Transform3D(0.999777, 0.0200877, -0.00645951, 0.0182687, -0.670841, 0.741376, 0.0105592, -0.741329, -0.671058, -0.0691318, -0.165469, 1.41504)
bind/14/name = &"MidFinger3.R"
bind/14/bone = -1
bind/14/pose = Transform3D(0.999649, -0.00334324, 0.0262926, -0.021549, -0.680083, 0.732818, 0.0154311, -0.733128, -0.679916, -0.086528, -0.253016, 1.41784)
bind/15/name = &"BigFinger1.R"
bind/15/bone = -1
bind/15/pose = Transform3D(-0.187502, 0.775741, 0.602552, 0.972028, 0.234866, 0.000102051, -0.14144, 0.585717, -0.798079, -1.358, -0.224908, 0.254601)
bind/16/name = &"BigFinger2.R"
bind/16/bone = -1
bind/16/pose = Transform3D(0.377381, 0.759644, 0.529646, 0.37501, -0.648302, 0.662625, 0.846729, -0.05144, -0.529531, -1.35293, -0.0893537, 0.46403)
bind/17/name = &"BigFinger3.R"
bind/17/bone = -1
bind/17/pose = Transform3D(0.533946, 0.649992, 0.540751, 0.144707, -0.700364, 0.698963, 0.833043, -0.294959, -0.468015, -1.28972, -0.11598, 0.630091)
bind/18/name = &"Head"
bind/18/bone = -1
bind/18/pose = Transform3D(1, 0, -3.57628e-07, 0, 1, 0, 3.57628e-07, 0, 1, 0, -1.71707, 0)
bind/19/name = &"Shoulder.L"
bind/19/bone = -1
bind/19/pose = Transform3D(-1, -1.08963e-06, 2.35431e-07, 8.38207e-08, -0.284088, -0.958798, 1.11162e-06, -0.958798, 0.284088, 1.87097e-06, 0.487798, 1.64632)
bind/20/name = &"Arm1.L"
bind/20/bone = -1
bind/20/pose = Transform3D(-1, -8.2155e-07, 7.0277e-07, 6.30079e-08, -0.693219, -0.720727, 1.07929e-06, -0.720728, 0.693218, 1.54381e-06, 0.964761, 1.35435)
bind/21/name = &"Arm2.L"
bind/21/bone = -1
bind/21/pose = Transform3D(-1, -8.61016e-07, 6.55415e-07, 6.61927e-08, -0.653233, -0.757157, 1.08006e-06, -0.757157, 0.653233, 1.572e-06, 0.48086, 1.38238)
bind/22/name = &"Handjoint.L"
bind/22/bone = -1
bind/22/pose = Transform3D(-1, -8.98639e-07, 6.04971e-07, 6.92512e-08, -0.610338, -0.792141, 1.08109e-06, -0.792141, 0.610338, 1.56741e-06, -0.0513242, 1.38165)
bind/23/name = &"LilFinger1.L"
bind/23/bone = -1
bind/23/pose = Transform3D(-0.680802, 0.490484, 0.543998, -0.711388, -0.265872, -0.650569, -0.174459, -0.829902, 0.52993, 0.0862143, -0.410063, 1.33566)
bind/24/name = &"LilFinger2.L"
bind/24/bone = -1
bind/24/pose = Transform3D(-0.999463, 0.0245399, -0.0217239, 7.82311e-08, -0.662839, -0.748762, -0.032774, -0.74836, 0.662483, -0.101247, -0.1817, 1.40915)
bind/25/name = &"LilFinger3.L"
bind/25/bone = -1
bind/25/pose = Transform3D(-0.999463, 0.0241595, -0.0221462, 4.84288e-08, -0.675725, -0.737154, -0.032774, -0.736758, 0.675362, -0.101404, -0.263484, 1.41393)
bind/26/name = &"MidFinger1.L"
bind/26/bone = -1
bind/26/pose = Transform3D(-0.66558, -0.44415, -0.599779, 0.731193, -0.22705, -0.643276, 0.149531, -0.866706, 0.475879, -0.187542, -0.439772, 1.31568)
bind/27/name = &"MidFinger2.L"
bind/27/bone = -1
bind/27/pose = Transform3D(-0.999777, -0.0200877, -0.0064595, 0.0182687, -0.670841, -0.741377, 0.0105593, -0.74133, 0.671058, 0.0691319, -0.165469, 1.41504)
bind/28/name = &"MidFinger3.L"
bind/28/bone = -1
bind/28/pose = Transform3D(-0.999649, 0.00334317, 0.0262927, -0.021549, -0.680083, -0.732819, 0.0154313, -0.733128, 0.679916, 0.0865283, -0.253016, 1.41784)
bind/29/name = &"BigFinger1.L"
bind/29/bone = -1
bind/29/pose = Transform3D(0.187502, -0.775741, 0.602552, 0.972028, 0.234866, -0.000101969, -0.14144, 0.585717, 0.798079, 1.358, -0.224908, 0.2546)
bind/30/name = &"BigFinger2.L"
bind/30/bone = -1
bind/30/pose = Transform3D(-0.377381, -0.759644, 0.529646, 0.37501, -0.648302, -0.662625, 0.846729, -0.0514398, 0.529531, 1.35293, -0.0893538, 0.464029)
bind/31/name = &"BigFinger3.L"
bind/31/bone = -1
bind/31/pose = Transform3D(-0.533946, -0.649992, 0.540751, 0.144707, -0.700364, -0.698963, 0.833043, -0.294959, 0.468015, 1.28972, -0.11598, 0.630091)

[sub_resource type="ArrayMesh" id="ArrayMesh_tq3vt"]
resource_name = "ghost 1_Circle_002"
_surfaces = [{
"aabb": AABB(0.179066, 2.05088, -0.127865, 0.0153147, 0.0937922, 0.107214),
"attribute_data": PackedByteArray(0, 0, 0, 63, 0, 0, 0, 63, 0, 0, 0, 63, 0, 0, 0, 0, 164, 48, 137, 61, 0, 0, 128, 62, 164, 48, 137, 61, 0, 0, 64, 63, 0, 0, 0, 63, 0, 0, 128, 63, 236, 217, 110, 63, 0, 0, 64, 63, 236, 217, 110, 63, 0, 0, 128, 62),
"bone_aabbs": [AABB(0, 0, 0, -1, -1, -1), AABB(0, 0, 0, -1, -1, -1), AABB(0, 0, 0, -1, -1, -1), AABB(0, 0, 0, -1, -1, -1), AABB(0, 0, 0, -1, -1, -1), AABB(0, 0, 0, -1, -1, -1), AABB(0, 0, 0, -1, -1, -1), AABB(0, 0, 0, -1, -1, -1), AABB(0, 0, 0, -1, -1, -1), AABB(0, 0, 0, -1, -1, -1), AABB(0, 0, 0, -1, -1, -1), AABB(0, 0, 0, -1, -1, -1), AABB(0, 0, 0, -1, -1, -1), AABB(0, 0, 0, -1, -1, -1), AABB(0, 0, 0, -1, -1, -1), AABB(0, 0, 0, -1, -1, -1), AABB(0, 0, 0, -1, -1, -1), AABB(0, 0, 0, -1, -1, -1), AABB(0.179066, 2.05088, -0.127865, 0.0153147, 0.0937922, 0.107214)],
"format": 34359745559,
"index_count": 18,
"index_data": PackedByteArray(0, 0, 2, 0, 1, 0, 0, 0, 3, 0, 2, 0, 0, 0, 4, 0, 3, 0, 0, 0, 5, 0, 4, 0, 0, 0, 6, 0, 5, 0, 0, 0, 1, 0, 6, 0),
"lods": [1.31907e-09, PackedByteArray(1, 0, 3, 0, 2, 0, 1, 0, 4, 0, 3, 0, 1, 0, 5, 0, 4, 0, 1, 0, 6, 0, 5, 0)],
"material": SubResource("StandardMaterial3D_6ykdq"),
"name": "Material.001",
"primitive": 3,
"skin_data": PackedByteArray(18, 0, 0, 0, 0, 0, 0, 0, 255, 255, 0, 0, 0, 0, 0, 0, 18, 0, 0, 0, 0, 0, 0, 0, 255, 255, 0, 0, 0, 0, 0, 0, 18, 0, 0, 0, 0, 0, 0, 0, 255, 255, 0, 0, 0, 0, 0, 0, 18, 0, 0, 0, 0, 0, 0, 0, 255, 255, 0, 0, 0, 0, 0, 0, 18, 0, 0, 0, 0, 0, 0, 0, 255, 255, 0, 0, 0, 0, 0, 0, 18, 0, 0, 0, 0, 0, 0, 0, 255, 255, 0, 0, 0, 0, 0, 0, 18, 0, 0, 0, 0, 0, 0, 0, 255, 255, 0, 0, 0, 0, 0, 0),
"uv_scale": Vector4(0, 0, 0, 0),
"vertex_count": 7,
"vertex_data": PackedByteArray(77, 52, 63, 62, 230, 65, 6, 64, 148, 20, 152, 189, 250, 92, 55, 62, 230, 65, 6, 64, 16, 239, 2, 190, 164, 72, 59, 62, 62, 66, 9, 64, 91, 249, 206, 189, 247, 31, 67, 62, 55, 198, 8, 64, 155, 95, 66, 189, 160, 11, 71, 62, 230, 65, 6, 64, 28, 44, 169, 188, 246, 31, 67, 62, 141, 65, 3, 64, 154, 95, 66, 189, 163, 72, 59, 62, 141, 65, 3, 64, 90, 249, 206, 189, 255, 255, 254, 143, 255, 127, 0, 128, 255, 255, 254, 143, 255, 127, 0, 128, 255, 255, 254, 143, 255, 127, 0, 128, 255, 255, 254, 143, 255, 127, 0, 128, 255, 255, 254, 143, 255, 127, 0, 128, 255, 255, 254, 143, 255, 127, 0, 128, 255, 255, 254, 143, 255, 127, 0, 128)
}]
blend_shape_mode = 0

[sub_resource type="StandardMaterial3D" id="StandardMaterial3D_yodqk"]
resource_name = "Material.002"
cull_mode = 2
vertex_color_use_as_albedo = true
albedo_color = Color(0.0904706, 0.0756536, 0.0909025, 1)
roughness = 0.862205

[sub_resource type="ArrayMesh" id="ArrayMesh_qcr6i"]
resource_name = "ghost 1_Cube_004"
_surfaces = [{
"aabb": AABB(-0.08821, 0.779776, 0.906069, 0.29435, 0.286569, 0.354153),
"attribute_data": PackedByteArray(0, 0, 192, 62, 0, 0, 128, 63, 0, 0, 0, 62, 0, 0, 128, 62, 0, 0, 192, 62, 0, 0, 0, 0, 0, 0, 32, 63, 0, 0, 128, 63, 0, 0, 32, 63, 0, 0, 128, 63, 0, 0, 96, 63, 0, 0, 128, 62, 0, 0, 96, 63, 0, 0, 128, 62, 0, 0, 192, 62, 218, 62, 59, 63, 150, 4, 19, 62, 0, 0, 0, 63, 0, 0, 192, 62, 218, 62, 59, 63, 114, 200, 23, 63, 141, 165, 60, 63, 47, 189, 92, 63, 96, 24, 0, 63, 114, 200, 23, 63, 141, 165, 60, 63, 0, 0, 192, 62, 0, 0, 128, 62, 0, 0, 192, 62, 0, 0, 128, 62, 0, 0, 192, 62, 0, 0, 128, 62, 0, 0, 32, 63, 0, 0, 128, 62, 0, 0, 32, 63, 0, 0, 128, 62, 0, 0, 32, 63, 0, 0, 128, 62, 0, 0, 32, 63, 0, 0, 128, 62, 0, 0, 192, 62, 0, 0, 0, 63, 0, 0, 192, 62, 0, 0, 0, 63, 0, 0, 192, 62, 0, 0, 0, 63, 0, 0, 192, 62, 0, 0, 0, 63, 0, 0, 32, 63, 0, 0, 0, 63, 0, 0, 32, 63, 0, 0, 0, 63, 0, 0, 32, 63, 0, 0, 0, 63, 0, 0, 32, 63, 0, 0, 0, 63, 85, 85, 149, 62, 0, 0, 0, 63, 0, 0, 192, 62, 86, 85, 21, 63, 0, 0, 192, 62, 86, 85, 21, 63, 85, 85, 149, 62, 0, 0, 0, 63, 85, 85, 85, 62, 0, 0, 0, 63, 0, 0, 192, 62, 171, 170, 42, 63, 0, 0, 192, 62, 171, 170, 42, 63, 85, 85, 85, 62, 0, 0, 0, 63, 170, 170, 74, 63, 0, 0, 0, 63, 170, 170, 74, 63, 0, 0, 0, 63, 0, 0, 32, 63, 171, 170, 42, 63, 85, 85, 53, 63, 0, 0, 0, 63, 0, 0, 32, 63, 86, 85, 21, 63, 85, 85, 53, 63, 0, 0, 0, 63, 85, 85, 85, 62, 0, 0, 128, 62, 0, 0, 192, 62, 176, 170, 170, 61, 0, 0, 192, 62, 176, 170, 170, 61, 85, 85, 85, 62, 0, 0, 128, 62, 85, 85, 149, 62, 0, 0, 128, 62, 0, 0, 192, 62, 172, 170, 42, 62, 0, 0, 192, 62, 172, 170, 42, 62, 85, 85, 149, 62, 0, 0, 128, 62, 0, 0, 32, 63, 172, 170, 42, 62, 85, 85, 53, 63, 0, 0, 128, 62, 0, 0, 32, 63, 172, 170, 42, 62, 85, 85, 53, 63, 0, 0, 128, 62, 85, 85, 53, 63, 0, 0, 128, 62, 170, 170, 74, 63, 0, 0, 128, 62, 170, 170, 74, 63, 0, 0, 128, 62, 0, 0, 32, 63, 176, 170, 170, 61, 170, 170, 74, 63, 0, 0, 128, 62, 0, 0, 32, 63, 176, 170, 170, 61, 0, 0, 0, 63, 0, 0, 128, 63, 0, 0, 0, 63, 0, 0, 128, 63, 0, 0, 0, 63, 0, 0, 128, 63, 0, 0, 0, 63, 0, 0, 0, 0, 0, 0, 0, 63, 0, 0, 0, 0, 0, 0, 0, 63, 116, 130, 60, 63, 0, 0, 0, 63, 116, 130, 60, 63, 0, 0, 0, 63, 116, 130, 60, 63, 0, 0, 0, 63, 0, 0, 0, 63, 0, 0, 0, 63, 0, 0, 0, 63, 0, 0, 0, 63, 0, 0, 0, 63, 0, 0, 0, 63, 0, 0, 128, 62, 0, 0, 0, 63, 0, 0, 128, 62, 0, 0, 0, 63, 0, 0, 128, 62, 0, 0, 0, 63, 0, 0, 128, 62, 0, 0, 0, 63, 0, 0, 128, 62, 0, 0, 0, 63, 172, 170, 42, 62, 0, 0, 0, 63, 172, 170, 42, 62, 0, 0, 0, 63, 172, 170, 42, 62, 0, 0, 0, 63, 172, 170, 42, 62, 0, 0, 0, 63, 172, 170, 42, 62, 0, 0, 0, 63, 176, 170, 170, 61, 0, 0, 0, 63, 176, 170, 170, 61, 0, 0, 0, 63, 176, 170, 170, 61, 0, 0, 0, 63, 176, 170, 170, 61, 0, 0, 0, 63, 176, 170, 170, 61, 0, 0, 0, 63, 171, 170, 42, 63, 0, 0, 0, 63, 171, 170, 42, 63, 0, 0, 0, 63, 86, 85, 21, 63, 0, 0, 0, 63, 86, 85, 21, 63, 0, 0, 0, 63, 86, 85, 21, 63, 0, 0, 192, 62, 86, 85, 85, 63, 0, 0, 192, 62, 86, 85, 85, 63, 0, 0, 0, 62, 86, 85, 213, 62, 0, 0, 192, 62, 171, 170, 106, 63, 0, 0, 0, 62, 172, 170, 170, 62, 0, 0, 32, 63, 171, 170, 106, 63, 0, 0, 96, 63, 172, 170, 170, 62, 0, 0, 96, 63, 172, 170, 170, 62, 2, 169, 29, 63, 86, 85, 85, 63, 2, 169, 29, 63, 86, 85, 85, 63, 74, 37, 96, 63, 76, 148, 213, 62, 74, 37, 96, 63, 76, 148, 213, 62, 0, 0, 192, 62, 172, 170, 170, 62, 0, 0, 192, 62, 172, 170, 170, 62, 0, 0, 192, 62, 172, 170, 170, 62, 0, 0, 192, 62, 172, 170, 170, 62, 0, 0, 192, 62, 172, 170, 170, 62, 0, 0, 192, 62, 86, 85, 213, 62, 0, 0, 192, 62, 86, 85, 213, 62, 0, 0, 192, 62, 86, 85, 213, 62, 0, 0, 32, 63, 86, 85, 213, 62, 0, 0, 32, 63, 86, 85, 213, 62, 0, 0, 32, 63, 86, 85, 213, 62, 0, 0, 32, 63, 86, 85, 213, 62, 0, 0, 32, 63, 172, 170, 170, 62, 0, 0, 32, 63, 172, 170, 170, 62, 0, 0, 32, 63, 172, 170, 170, 62, 0, 0, 32, 63, 172, 170, 170, 62, 0, 0, 32, 63, 172, 170, 170, 62, 84, 85, 53, 63, 86, 85, 213, 62, 84, 85, 53, 63, 86, 85, 213, 62, 84, 85, 53, 63, 86, 85, 213, 62, 84, 85, 53, 63, 86, 85, 213, 62, 84, 85, 53, 63, 172, 170, 170, 62, 84, 85, 53, 63, 172, 170, 170, 62, 84, 85, 53, 63, 172, 170, 170, 62, 84, 85, 53, 63, 172, 170, 170, 62, 170, 170, 74, 63, 86, 85, 213, 62, 170, 170, 74, 63, 86, 85, 213, 62, 170, 170, 74, 63, 86, 85, 213, 62, 170, 170, 74, 63, 86, 85, 213, 62, 170, 170, 74, 63, 172, 170, 170, 62, 170, 170, 74, 63, 172, 170, 170, 62, 170, 170, 74, 63, 172, 170, 170, 62, 170, 170, 74, 63, 172, 170, 170, 62, 85, 85, 85, 62, 86, 85, 213, 62, 85, 85, 85, 62, 86, 85, 213, 62, 85, 85, 85, 62, 86, 85, 213, 62, 85, 85, 85, 62, 172, 170, 170, 62, 85, 85, 85, 62, 172, 170, 170, 62, 85, 85, 85, 62, 172, 170, 170, 62, 85, 85, 149, 62, 86, 85, 213, 62, 85, 85, 149, 62, 86, 85, 213, 62, 85, 85, 149, 62, 86, 85, 213, 62, 85, 85, 149, 62, 86, 85, 213, 62, 85, 85, 149, 62, 172, 170, 170, 62, 85, 85, 149, 62, 172, 170, 170, 62, 85, 85, 149, 62, 172, 170, 170, 62, 85, 85, 149, 62, 172, 170, 170, 62, 0, 0, 0, 63, 0, 0, 128, 63, 0, 0, 0, 63, 0, 0, 0, 0, 0, 0, 0, 63, 0, 0, 0, 0, 0, 0, 0, 63, 172, 170, 170, 62, 0, 0, 0, 63, 172, 170, 170, 62, 0, 0, 0, 63, 172, 170, 170, 62, 0, 0, 0, 63, 172, 170, 170, 62, 0, 0, 0, 63, 171, 170, 106, 63, 0, 0, 0, 63, 171, 170, 106, 63, 0, 0, 0, 63, 85, 85, 85, 63, 0, 0, 0, 63, 85, 85, 85, 63, 0, 0, 0, 63, 85, 85, 85, 63, 0, 0, 0, 63, 85, 85, 85, 63, 0, 0, 0, 63, 0, 0, 128, 63, 0, 0, 0, 63, 0, 0, 128, 63, 0, 0, 0, 63, 0, 0, 0, 0, 0, 0, 0, 63, 0, 0, 0, 0, 0, 0, 32, 63, 0, 0, 128, 63, 0, 0, 32, 63, 0, 0, 128, 63, 0, 0, 96, 63, 0, 0, 128, 62, 0, 0, 96, 63, 0, 0, 128, 62, 170, 170, 74, 63, 0, 0, 128, 62, 170, 170, 74, 63, 0, 0, 128, 62, 0, 0, 32, 63, 176, 170, 170, 61, 0, 0, 32, 63, 176, 170, 170, 61, 0, 0, 32, 63, 0, 0, 128, 62, 0, 0, 32, 63, 0, 0, 128, 62, 0, 0, 32, 63, 0, 0, 128, 62, 0, 0, 32, 63, 0, 0, 128, 62, 0, 0, 32, 63, 172, 170, 42, 62, 0, 0, 32, 63, 172, 170, 42, 62, 85, 85, 53, 63, 0, 0, 128, 62, 85, 85, 53, 63, 0, 0, 128, 62, 0, 0, 0, 63, 0, 0, 128, 62, 0, 0, 0, 63, 0, 0, 128, 62, 0, 0, 0, 63, 0, 0, 128, 62, 0, 0, 0, 63, 0, 0, 128, 62, 0, 0, 0, 63, 172, 170, 42, 62, 0, 0, 0, 63, 172, 170, 42, 62, 0, 0, 0, 63, 172, 170, 42, 62, 0, 0, 0, 63, 172, 170, 42, 62, 0, 0, 0, 63, 176, 170, 170, 61, 0, 0, 0, 63, 176, 170, 170, 61, 0, 0, 0, 63, 176, 170, 170, 61, 0, 0, 0, 63, 176, 170, 170, 61, 186, 120, 232, 62, 0, 0, 0, 63, 186, 120, 232, 62, 0, 0, 0, 63, 186, 120, 232, 62, 0, 0, 0, 63, 186, 120, 232, 62, 0, 0, 0, 63, 186, 120, 232, 62, 0, 0, 0, 63, 0, 0, 32, 63, 154, 169, 247, 62, 0, 0, 32, 63, 154, 169, 247, 62, 0, 0, 32, 63, 154, 169, 247, 62, 0, 0, 32, 63, 154, 169, 247, 62, 0, 0, 32, 63, 86, 85, 213, 62, 0, 0, 32, 63, 86, 85, 213, 62, 0, 0, 32, 63, 86, 85, 213, 62, 0, 0, 32, 63, 86, 85, 213, 62, 0, 0, 32, 63, 172, 170, 170, 62, 0, 0, 32, 63, 172, 170, 170, 62, 0, 0, 32, 63, 172, 170, 170, 62, 0, 0, 32, 63, 172, 170, 170, 62, 0, 0, 32, 63, 172, 170, 170, 62, 186, 120, 232, 62, 86, 85, 213, 62, 186, 120, 232, 62, 86, 85, 213, 62, 186, 120, 232, 62, 86, 85, 213, 62, 186, 120, 232, 62, 86, 85, 213, 62, 186, 120, 232, 62, 172, 170, 170, 62, 186, 120, 232, 62, 172, 170, 170, 62, 186, 120, 232, 62, 172, 170, 170, 62, 186, 120, 232, 62, 172, 170, 170, 62, 186, 120, 232, 62, 172, 170, 170, 62, 186, 120, 232, 62, 172, 170, 170, 62, 0, 0, 32, 63, 0, 0, 128, 63, 0, 0, 32, 63, 0, 0, 0, 0, 0, 0, 96, 63, 0, 0, 128, 62, 0, 0, 32, 63, 176, 170, 170, 61, 170, 170, 74, 63, 0, 0, 128, 62, 0, 0, 32, 63, 176, 170, 170, 61, 0, 0, 32, 63, 0, 0, 128, 62, 0, 0, 32, 63, 0, 0, 128, 62, 0, 0, 32, 63, 0, 0, 128, 62, 0, 0, 32, 63, 172, 170, 42, 62, 0, 0, 32, 63, 172, 170, 42, 62, 85, 85, 53, 63, 0, 0, 128, 62, 0, 0, 0, 63, 0, 0, 128, 62, 0, 0, 0, 63, 0, 0, 128, 62, 0, 0, 0, 63, 0, 0, 128, 62, 0, 0, 0, 63, 172, 170, 42, 62, 0, 0, 0, 63, 172, 170, 42, 62, 0, 0, 0, 63, 172, 170, 42, 62, 0, 0, 0, 63, 176, 170, 170, 61, 0, 0, 0, 63, 176, 170, 170, 61, 0, 0, 0, 63, 176, 170, 170, 61, 0, 0, 32, 63, 86, 85, 213, 62, 0, 0, 32, 63, 86, 85, 213, 62, 0, 0, 32, 63, 86, 85, 213, 62, 0, 0, 32, 63, 86, 85, 213, 62, 0, 0, 32, 63, 86, 85, 213, 62, 0, 0, 32, 63, 172, 170, 170, 62, 0, 0, 32, 63, 172, 170, 170, 62, 0, 0, 32, 63, 172, 170, 170, 62, 0, 0, 0, 63, 86, 85, 213, 62, 0, 0, 0, 63, 86, 85, 213, 62, 0, 0, 0, 63, 86, 85, 213, 62, 0, 0, 0, 63, 86, 85, 213, 62, 0, 0, 0, 63, 86, 85, 213, 62, 0, 0, 0, 63, 172, 170, 170, 62, 0, 0, 0, 63, 172, 170, 170, 62, 0, 0, 0, 63, 172, 170, 170, 62, 0, 0, 0, 63, 172, 170, 170, 62, 0, 0, 32, 63, 172, 170, 170, 62, 0, 0, 32, 63, 172, 170, 170, 62, 0, 0, 32, 63, 172, 170, 170, 62, 186, 120, 232, 62, 172, 170, 170, 62, 186, 120, 232, 62, 172, 170, 170, 62, 186, 120, 232, 62, 172, 170, 170, 62, 0, 0, 32, 63, 86, 85, 213, 62, 0, 0, 32, 63, 86, 85, 213, 62, 0, 0, 32, 63, 86, 85, 213, 62, 0, 0, 32, 63, 172, 170, 170, 62, 0, 0, 32, 63, 172, 170, 170, 62, 0, 0, 32, 63, 172, 170, 170, 62, 0, 0, 32, 63, 172, 170, 170, 62, 0, 0, 0, 63, 86, 85, 213, 62, 0, 0, 0, 63, 86, 85, 213, 62, 0, 0, 0, 63, 86, 85, 213, 62, 0, 0, 0, 63, 172, 170, 170, 62, 0, 0, 0, 63, 172, 170, 170, 62, 0, 0, 0, 63, 172, 170, 170, 62, 0, 0, 0, 63, 172, 170, 170, 62, 0, 0, 0, 63, 172, 170, 170, 62, 0, 0, 0, 63, 172, 170, 170, 62, 0, 0, 0, 63, 172, 170, 170, 62, 0, 0, 0, 63, 172, 170, 170, 62, 186, 120, 232, 62, 172, 170, 170, 62, 186, 120, 232, 62, 172, 170, 170, 62, 186, 120, 232, 62, 172, 170, 170, 62, 186, 120, 232, 62, 172, 170, 170, 62, 0, 0, 32, 63, 84, 85, 213, 62, 0, 0, 32, 63, 84, 85, 213, 62, 0, 0, 32, 63, 84, 85, 213, 62, 0, 0, 32, 63, 84, 85, 213, 62, 0, 0, 0, 63, 86, 85, 213, 62, 0, 0, 0, 63, 86, 85, 213, 62, 0, 0, 0, 63, 86, 85, 213, 62, 0, 0, 0, 63, 86, 85, 213, 62, 0, 0, 32, 63, 172, 170, 170, 62, 0, 0, 32, 63, 172, 170, 170, 62, 0, 0, 32, 63, 172, 170, 170, 62, 0, 0, 32, 63, 172, 170, 170, 62, 0, 0, 32, 63, 172, 170, 170, 62, 0, 0, 32, 63, 172, 170, 170, 62, 0, 0, 32, 63, 172, 170, 170, 62, 0, 0, 32, 63, 172, 170, 170, 62, 0, 0, 192, 62, 0, 0, 128, 63, 0, 0, 192, 62, 0, 0, 0, 0, 0, 0, 192, 62, 0, 0, 128, 62, 0, 0, 192, 62, 0, 0, 128, 62, 85, 85, 53, 63, 0, 0, 0, 63, 0, 0, 32, 63, 86, 85, 21, 63, 0, 0, 192, 62, 176, 170, 170, 61, 0, 0, 192, 62, 176, 170, 170, 61, 0, 0, 192, 62, 176, 170, 170, 61, 0, 0, 32, 63, 176, 170, 170, 61, 0, 0, 0, 63, 116, 130, 60, 63, 0, 0, 0, 63, 172, 170, 42, 62, 0, 0, 0, 63, 172, 170, 42, 62, 0, 0, 0, 63, 172, 170, 42, 62, 0, 0, 0, 63, 172, 170, 42, 62, 0, 0, 192, 62, 172, 170, 170, 62, 0, 0, 192, 62, 172, 170, 170, 62, 0, 0, 32, 63, 172, 170, 170, 62, 0, 0, 32, 63, 172, 170, 170, 62, 0, 0, 0, 63, 172, 170, 170, 62, 0, 0, 0, 63, 0, 0, 128, 63, 0, 0, 0, 63, 0, 0, 128, 62, 0, 0, 0, 63, 176, 170, 170, 61, 0, 0, 0, 63, 176, 170, 170, 61, 186, 120, 232, 62, 0, 0, 0, 63, 186, 120, 232, 62, 0, 0, 0, 63, 186, 120, 232, 62, 172, 170, 170, 62, 0, 0, 32, 63, 172, 170, 170, 62, 0, 0, 32, 63, 172, 170, 170, 62, 0, 0, 32, 63, 172, 170, 170, 62, 186, 120, 232, 62, 172, 170, 170, 62, 186, 120, 232, 62, 172, 170, 170, 62, 0, 0, 32, 63, 86, 85, 213, 62, 0, 0, 32, 63, 86, 85, 213, 62, 0, 0, 32, 63, 172, 170, 170, 62, 0, 0, 0, 63, 86, 85, 213, 62, 0, 0, 0, 63, 172, 170, 170, 62),
"bone_aabbs": [AABB(0, 0, 0, -1, -1, -1), AABB(0, 0, 0, -1, -1, -1), AABB(0, 0, 0, -1, -1, -1), AABB(0, 0, 0, -1, -1, -1), AABB(0, 0, 0, -1, -1, -1), AABB(0, 0, 0, -1, -1, -1), AABB(0, 0, 0, -1, -1, -1), AABB(0, 0, 0, -1, -1, -1), AABB(-0.0844113, 0.916546, 0.906069, 0.203797, 0.1498, 0.137974), AABB(-0.0844113, 0.840732, 0.911812, 0.112548, 0.225614, 0.2278), AABB(-0.0844113, 0.916546, 0.998811, 0.0562742, 0.110318, 0.0879883), AABB(-0.08821, 0.779776, 1.13961, 0.0638715, 0.0989202, 0.12061), AABB(-0.0281371, 0.840732, 0.991581, 0.136252, 0.160552, 0.14803), AABB(0.0281371, 0.917011, 1.04404, 0.0562842, 0.0833626, 0.0427662), AABB(0.0243385, 0.779776, 1.05294, 0.0638715, 0.137245, 0.207285), AABB(-0.0755658, 0.895756, 0.906069, 0.278214, 0.17059, 0.183545), AABB(0.0741061, 0.886579, 0.909349, 0.132034, 0.179777, 0.226674), AABB(0.141203, 0.883606, 1.03672, 0.064937, 0.0802247, 0.10655)],
"format": 34359745559,
"index_count": 474,
"index_data": PackedByteArray(160, 0, 10, 0, 100, 0, 160, 0, 65, 0, 10, 0, 89, 0, 24, 0, 40, 0, 89, 0, 69, 0, 24, 0, 156, 0, 19, 0, 119, 0, 156, 0, 75, 0, 19, 0, 58, 0, 170, 0, 6, 0, 58, 0, 172, 0, 170, 0, 147, 0, 13, 0, 104, 0, 147, 0, 46, 0, 13, 0, 133, 0, 5, 0, 98, 0, 133, 0, 55, 0, 5, 0, 116, 0, 54, 0, 126, 0, 116, 0, 17, 0, 54, 0, 125, 0, 56, 0, 135, 0, 125, 0, 51, 0, 56, 0, 95, 0, 42, 0, 139, 0, 95, 0, 1, 0, 42, 0, 140, 0, 49, 0, 148, 0, 140, 0, 45, 0, 49, 0, 85, 0, 174, 0, 59, 0, 85, 0, 194, 0, 174, 0, 80, 0, 57, 0, 52, 0, 80, 0, 84, 0, 57, 0, 67, 0, 38, 0, 12, 0, 67, 0, 86, 0, 38, 0, 86, 0, 40, 0, 38, 0, 86, 0, 89, 0, 40, 0, 34, 0, 90, 0, 87, 0, 34, 0, 30, 0, 90, 0, 9, 0, 86, 0, 67, 0, 9, 0, 33, 0, 86, 0, 48, 0, 82, 0, 78, 0, 48, 0, 44, 0, 82, 0, 14, 0, 77, 0, 71, 0, 14, 0, 47, 0, 77, 0, 43, 0, 63, 0, 81, 0, 43, 0, 2, 0, 63, 0, 107, 0, 73, 0, 155, 0, 107, 0, 15, 0, 73, 0, 29, 0, 68, 0, 88, 0, 29, 0, 21, 0, 68, 0, 91, 0, 66, 0, 161, 0, 91, 0, 7, 0, 66, 0, 0, 0, 158, 0, 62, 0, 0, 0, 94, 0, 158, 0, 94, 0, 162, 0, 158, 0, 94, 0, 92, 0, 162, 0, 154, 0, 219, 0, 105, 0, 110, 0, 197, 0, 23, 0, 110, 0, 213, 0, 197, 0, 35, 0, 145, 0, 31, 0, 35, 0, 138, 0, 145, 0, 137, 0, 149, 0, 144, 0, 137, 0, 141, 0, 149, 0, 8, 0, 136, 0, 32, 0, 8, 0, 93, 0, 136, 0, 93, 0, 139, 0, 136, 0, 93, 0, 95, 0, 139, 0, 39, 0, 131, 0, 37, 0, 39, 0, 121, 0, 131, 0, 120, 0, 134, 0, 130, 0, 120, 0, 124, 0, 134, 0, 25, 0, 122, 0, 41, 0, 25, 0, 111, 0, 122, 0, 112, 0, 127, 0, 123, 0, 112, 0, 117, 0, 127, 0, 36, 0, 101, 0, 11, 0, 36, 0, 128, 0, 101, 0, 129, 0, 97, 0, 102, 0, 129, 0, 132, 0, 97, 0, 28, 0, 108, 0, 20, 0, 28, 0, 142, 0, 108, 0, 143, 0, 103, 0, 109, 0, 143, 0, 146, 0, 103, 0, 113, 0, 212, 0, 118, 0, 113, 0, 206, 0, 212, 0, 60, 0, 96, 0, 3, 0, 60, 0, 157, 0, 96, 0, 157, 0, 99, 0, 96, 0, 157, 0, 159, 0, 99, 0, 175, 0, 234, 0, 181, 0, 175, 0, 230, 0, 234, 0, 180, 0, 238, 0, 188, 0, 180, 0, 232, 0, 238, 0, 74, 0, 178, 0, 18, 0, 74, 0, 186, 0, 178, 0, 64, 0, 192, 0, 83, 0, 64, 0, 166, 0, 192, 0, 16, 0, 182, 0, 53, 0, 16, 0, 176, 0, 182, 0, 4, 0, 163, 0, 61, 0, 4, 0, 167, 0, 163, 0, 50, 0, 187, 0, 76, 0, 50, 0, 179, 0, 187, 0, 79, 0, 184, 0, 72, 0, 79, 0, 190, 0, 184, 0, 106, 0, 213, 0, 110, 0, 106, 0, 221, 0, 213, 0, 70, 0, 201, 0, 26, 0, 70, 0, 196, 0, 201, 0, 27, 0, 207, 0, 114, 0, 27, 0, 202, 0, 207, 0, 69, 0, 22, 0, 195, 0, 115, 0, 218, 0, 153, 0, 115, 0, 210, 0, 218, 0, 241, 0, 224, 0, 226, 0, 241, 0, 151, 0, 224, 0, 235, 0, 233, 0, 229, 0, 235, 0, 239, 0, 233, 0, 168, 0, 150, 0, 164, 0, 168, 0, 223, 0, 150, 0, 165, 0, 242, 0, 191, 0, 165, 0, 152, 0, 242, 0, 193, 0, 228, 0, 173, 0, 193, 0, 243, 0, 228, 0, 185, 0, 231, 0, 177, 0, 185, 0, 237, 0, 231, 0, 171, 0, 225, 0, 169, 0, 171, 0, 227, 0, 225, 0, 189, 0, 236, 0, 183, 0, 189, 0, 240, 0, 236, 0, 40, 1, 13, 1, 36, 1, 40, 1, 20, 1, 13, 1, 31, 1, 22, 1, 25, 1, 31, 1, 10, 1, 22, 1, 222, 0, 2, 1, 214, 0, 204, 0, 250, 0, 211, 0, 204, 0, 244, 0, 250, 0, 215, 0, 252, 0, 198, 0, 199, 0, 247, 0, 203, 0, 199, 0, 255, 0, 247, 0, 205, 0, 200, 0, 245, 0, 19, 1, 17, 1, 12, 1, 19, 1, 24, 1, 17, 1, 6, 1, 21, 1, 9, 1, 6, 1, 14, 1, 21, 1, 34, 1, 16, 1, 44, 1, 34, 1, 11, 1, 16, 1, 41, 1, 7, 1, 47, 1, 41, 1, 15, 1, 7, 1, 46, 1, 8, 1, 30, 1, 46, 1, 5, 1, 8, 1, 28, 1, 18, 1, 38, 1, 28, 1, 23, 1, 18, 1, 3, 1, 37, 1, 253, 0, 3, 1, 27, 1, 37, 1, 208, 0, 29, 1, 217, 0, 208, 0, 45, 1, 29, 1, 249, 0, 48, 1, 209, 0, 249, 0, 42, 1, 48, 1, 246, 0, 43, 1, 251, 0, 246, 0, 33, 1, 43, 1, 220, 0, 26, 1, 1, 1, 220, 0, 32, 1, 26, 1, 0, 1, 35, 1, 248, 0, 0, 1, 39, 1, 35, 1, 4, 1, 254, 0, 216, 0),
"lods": [0.0534347, PackedByteArray(59, 1, 10, 0, 3, 0, 163, 0, 59, 1, 3, 0, 3, 0, 223, 0, 163, 0, 91, 0, 7, 0, 59, 1, 91, 0, 59, 1, 69, 1, 49, 1, 91, 0, 69, 1, 155, 0, 18, 0, 119, 0, 155, 0, 185, 0, 18, 0, 185, 0, 231, 0, 18, 0, 55, 0, 171, 0, 5, 0, 171, 0, 225, 0, 5, 0, 171, 0, 227, 0, 225, 0, 39, 0, 55, 0, 5, 0, 39, 0, 5, 0, 11, 0, 39, 0, 116, 0, 55, 0, 116, 0, 51, 0, 55, 0, 39, 0, 77, 1, 67, 1, 116, 0, 16, 0, 51, 0, 16, 0, 181, 0, 51, 0, 16, 0, 234, 0, 181, 0, 16, 0, 230, 0, 234, 0, 39, 0, 81, 1, 83, 1, 53, 1, 83, 1, 78, 1, 42, 0, 13, 0, 103, 0, 13, 0, 63, 1, 183, 0, 183, 0, 63, 1, 233, 0, 183, 0, 233, 0, 229, 0, 42, 0, 103, 0, 197, 0, 103, 0, 220, 0, 197, 0, 93, 0, 42, 0, 197, 0, 93, 0, 1, 0, 42, 0, 8, 0, 93, 0, 197, 0, 220, 0, 25, 1, 197, 0, 220, 0, 80, 1, 25, 1, 80, 1, 85, 1, 25, 1, 25, 1, 18, 1, 197, 0, 73, 1, 18, 1, 12, 1, 25, 1, 23, 1, 84, 1, 18, 1, 23, 1, 17, 1, 84, 1, 17, 1, 12, 1, 193, 0, 173, 0, 59, 0, 193, 0, 228, 0, 173, 0, 60, 1, 57, 0, 52, 0, 51, 1, 56, 1, 60, 1, 56, 1, 50, 1, 165, 0, 57, 1, 165, 0, 191, 0, 191, 0, 165, 0, 224, 0, 191, 0, 224, 0, 226, 0, 61, 1, 71, 1, 58, 1, 67, 0, 40, 0, 12, 0, 67, 0, 9, 0, 40, 0, 9, 0, 195, 0, 40, 0, 55, 1, 72, 1, 62, 1, 64, 1, 70, 1, 68, 1, 65, 1, 52, 1, 70, 1, 153, 0, 219, 0, 105, 0, 115, 0, 75, 1, 153, 0, 179, 0, 232, 0, 76, 0, 50, 0, 179, 0, 76, 0, 66, 1, 5, 1, 217, 0, 5, 1, 79, 1, 217, 0, 76, 1, 21, 1, 79, 1, 76, 1, 14, 1, 21, 1, 74, 1, 82, 1, 54, 1)],
"material": SubResource("StandardMaterial3D_yodqk"),
"name": "Material.002",
"primitive": 3,
